-0.179994 -0.015788 0.422035
0.011445 -0.017359 -0.430169
0.256098 0.005360 0.013173
0.212474 0.006498 0.015863
-0.229675 -0.028485 -0.466070
0.457488 -0.016867 -0.430080
-0.697360 -0.022445 -0.299141
0.814479 0.013860 0.220387
-0.550178 -0.011452 0.487119
0.772394 0.017771 -0.303277
-0.352894 -0.000955 -0.217757
0.097393 0.000372 -0.170353
-0.390341 -0.005181 0.255227
0.085797 -0.001160 0.295425
-0.418225 -0.044484 0.438666
-0.194788 -0.002065 -0.230318
-0.353004 0.008599 -0.379285
0.094845 0.004745 0.013475
0.570643 -0.013631 -0.461006
0.812609 -0.018313 0.440468
-0.152436 0.009548 0.148057
-0.388087 -0.020749 -0.484100
-0.550461 -0.000304 -0.221934
0.018985 0.003710 0.260790
-0.352817 0.011247 0.299508
-0.684224 0.047667 -0.053765
0.210200 0.006626 -0.215596
0.412470 0.009133 0.095076
-0.392339 -0.001945 -0.357473
-0.067530 -0.000692 -0.099090
0.731796 0.011900 0.301445
-0.239688 0.002774 -0.101844
0.881101 -0.015794 -0.183073
0.690815 0.016343 -0.345992
-0.509051 -0.020864 -0.432534
0.731077 0.014843 0.064272
0.214296 -0.019835 -0.430911
0.362888 0.001228 0.014379
-0.587591 -0.019622 -0.431206
-0.430523 0.003495 0.174478
-0.547721 -0.030277 0.457041
0.044667 -0.005145 0.310736
-0.509460 0.014559 -0.139323
0.416390 0.014709 -0.255740
0.883414 -0.015457 -0.261945
0.731056 0.015350 -0.054048
-0.624775 0.006019 0.377379
-0.695801 -0.024366 0.302774
-0.027456 0.004354 -0.056838
-0.191528 0.005864 0.027104
-0.471911 0.010489 -0.056171
-0.186782 -0.002988 0.298931
0.412414 -0.019108 -0.430943
0.053560 0.008866 -0.104768
-0.548333 0.008553 -0.221220
0.372746 -0.016768 -0.460656
-0.266215 -0.016494 -0.299012
-0.108571 -0.021035 -0.430195
0.454546 -0.024142 0.454735
0.861172 -0.010908 0.218806
-0.420071 0.003519 0.353537
0.409984 0.009075 -0.217796
-0.546790 0.008444 0.223261
0.142240 -0.001420 -0.094082
0.216400 -0.001103 0.218947
0.055396 0.004410 0.240999
0.414539 0.006928 0.018562
0.134531 -0.001748 -0.027326
-0.303263 -0.002671 -0.384305
0.209479 0.007589 -0.059720
-0.349728 -0.042754 -0.445425
0.252758 0.000812 0.303175
-0.148091 0.002120 0.111943
-0.647663 -0.018377 0.483529
-0.428605 0.003770 0.125384
0.566777 0.001049 0.105604
-0.376387 -0.039006 -0.431329
-0.187735 0.004433 -0.135079
-0.592961 -0.006545 0.417428
-0.473783 0.006200 0.220372
0.058740 -0.000462 -0.275241
-0.427858 -0.007782 0.374683
-0.333341 -0.041012 -0.437061
-0.697380 -0.024872 0.021204
-0.541084 0.000245 -0.057977
0.347730 0.001236 0.299780
0.883136 -0.018315 0.255705
0.884407 -0.014090 -0.413586
-0.361120 0.004566 0.107524
0.698504 0.029275 -0.491169
0.730975 0.016101 -0.185415
0.272255 0.002169 0.412711
-0.590536 -0.003472 0.216388
-0.232915 -0.020495 -0.320766
-0.310618 -0.004618 0.063349
-0.391375 0.007592 -0.224958
0.617762 0.012456 -0.093607
-0.586522 0.009697 0.179173
-0.510532 0.011678 -0.097540
-0.262587 -0.001826 0.265945
0.880538 -0.017067 -0.223434
0.859767 -0.009199 -0.097231
0.049281 0.006780 -0.024464
-0.678602 -0.024280 -0.219624
-0.140318 0.002566 0.247497
-0.476750 0.006805 0.381863
0.882582 -0.017066 -0.055661
-0.230940 0.006006 0.212304
0.130595 0.002319 0.374151
0.772492 -0.020422 0.454763
0.098862 0.004399 0.058570
0.050985 0.006559 0.339452
-0.266359 -0.006625 -0.096952
-0.509687 0.009463 0.064740
-0.006206 -0.005070 -0.122406
0.089536 0.006468 -0.177493
0.774202 0.012949 -0.381841
0.331037 0.005192 0.261398
-0.228787 -0.002204 0.300729
-0.028247 0.006250 -0.220883
0.861676 -0.012222 0.259355
-0.512323 0.009111 -0.298734
0.176978 0.003444 0.019594
0.401261 -0.002300 0.142076
0.243277 0.001179 -0.203311
0.688342 0.015270 0.476436
0.422354 0.001150 -0.201282
-0.069007 -0.020962 0.453563
-0.630978 -0.000263 -0.338530
0.204459 -0.001492 0.180696
0.578679 0.006165 0.345962
-0.309259 -0.003745 0.299131
-0.065216 0.005458 -0.340786
0.490576 0.012153 -0.174021
-0.595922 -0.002734 -0.263279
0.092213 -0.021736 -0.450598
-0.107342 -0.002890 -0.097284
-0.144994 0.007051 -0.225003
0.733147 -0.017024 -0.434026
-0.272943 -0.001426 0.022517
-0.677833 -0.027565 0.221131
-0.421444 -0.001040 -0.344264
-0.463585 0.000235 -0.307763
-0.149159 0.004412 -0.066035
0.009006 -0.015745 0.427097
0.251461 -0.000931 0.052937
-0.060408 0.005164 0.173971
-0.308560 -0.027260 -0.428805
-0.696838 -0.024997 0.420553
-0.228218 0.008813 -0.337401
-0.309126 0.006814 -0.379195
-0.342095 -0.008611 0.019899
0.524695 -0.001940 0.260005
-0.302125 0.007540 0.340924
0.292805 0.006917 0.219971
0.731283 0.014572 -0.014633
-0.546742 -0.002991 0.137313
0.050650 0.015226 -0.402213
0.451037 0.001267 0.141173
0.013721 0.010350 -0.403119
-0.391145 0.006518 -0.130880
-0.195745 -0.001969 0.374990
0.539025 0.003811 0.347197
0.136661 0.005298 -0.058153
0.167847 -0.001864 0.144753
-0.682321 0.051473 0.103499
-0.226949 -0.007357 -0.095435
-0.309865 -0.006569 0.178173
-0.591235 0.007797 -0.217942
0.730467 0.016330 0.103804
0.679758 -0.012468 -0.485672
0.019627 -0.001215 -0.178031
-0.113697 -0.000893 0.096997
0.175200 -0.000149 -0.183432
-0.467008 -0.005091 0.299615
-0.624334 -0.000669 0.064029
0.129665 0.007938 0.183113
-0.431231 0.009341 -0.299949
0.857052 0.001780 0.176633
0.010624 -0.002805 -0.227079
0.333249 -0.018986 -0.460203
0.057956 0.001126 -0.317202
-0.309208 -0.048077 0.436306
0.092929 0.003172 0.098006
-0.269680 -0.002834 -0.188218
0.451365 0.009018 0.131464
-0.230409 -0.019789 0.427601
0.374212 0.008018 0.299365
0.075180 -0.002249 -0.080386
0.422307 0.000562 0.000394
-0.547092 0.011576 -0.338061
0.209935 -0.013447 0.425911
-0.386504 -0.005663 0.343611
-0.080917 0.014327 -0.406541
-0.678879 0.013122 0.339472
-0.068280 0.004448 0.294714
-0.704239 -0.039516 -0.180048
0.329508 0.009046 0.094723
-0.305001 0.003810 0.378735
0.042924 -0.000921 -0.052382
0.090079 0.009102 -0.061743
-0.384671 0.006351 -0.029982
-0.188420 -0.025725 -0.465392
0.413830 0.005944 0.135435
-0.230557 -0.005607 0.016579
-0.270660 -0.042559 0.453873
0.327001 -0.001064 -0.107526
0.731602 0.012574 0.261832
0.292853 0.008051 -0.177331
-0.227198 -0.028919 0.454091
0.576507 0.014051 -0.333317
-0.297745 0.005141 0.291963
-0.072301 0.007330 0.112960
-0.195464 0.003089 0.058090
0.276885 -0.006236 0.001397
-0.505556 0.004194 0.392235
-0.551296 0.008490 0.095772
0.393651 -0.000811 -0.120741
0.611248 0.011610 0.265119
-0.631018 -0.001855 0.409070
0.181697 -0.017892 -0.482827
-0.589258 -0.004339 0.182412
-0.468289 -0.002654 0.099569
0.882374 -0.017446 0.217925
0.533517 0.000384 0.150702
-0.697022 0.014504 -0.259704
-0.697054 0.012649 -0.376821
-0.105332 -0.000084 -0.335412
0.050671 -0.001831 0.373954
-0.265328 0.007226 0.295609
0.294687 -0.017083 -0.429393
0.137155 -0.001062 -0.329075
0.016220 0.005111 -0.178195
0.053626 0.009503 -0.376054
-0.067771 0.009748 -0.221526
-0.143797 -0.006064 0.411588
0.416533 -0.002774 -0.087024
0.690193 -0.021784 0.453978
0.135555 0.005517 -0.177023
0.891878 -0.010563 -0.442598
-0.098608 0.002536 -0.406417
-0.237304 -0.002069 0.264983
-0.229995 -0.007405 0.174419
0.711087 -0.012012 0.440678
-0.315162 0.002456 -0.218768
0.456060 -0.011989 -0.482893
-0.028688 0.007523 -0.404356
0.860992 -0.010402 0.140906
-0.348370 -0.022039 -0.482771
-0.390451 0.005988 -0.262429
-0.024117 -0.001609 -0.099961
0.534318 0.010925 -0.093669
0.414121 0.008496 0.296085
0.576430 0.013383 -0.093642
0.338604 0.000276 0.055261
0.137077 0.004225 0.022076
0.009628 0.001608 0.171967
0.813892 0.016065 0.102606
-0.313252 0.006015 -0.134615
-0.262279 -0.001026 -0.253068
0.054711 0.005924 0.184999
-0.467913 -0.001700 0.219631
-0.507675 0.010087 -0.221278
-0.425436 0.007528 -0.101799
-0.059530 0.008808 0.384332
0.006921 -0.002226 0.063207
0.252418 0.008348 -0.176006
-0.479942 -0.001247 -0.155339
0.443563 0.000782 0.411603
0.491533 0.009724 -0.135522
-0.225322 -0.000730 0.224987
-0.336708 0.004919 -0.181931
0.293332 0.014472 -0.378963
0.325906 0.005934 0.139461
0.329470 -0.018418 -0.431097
-0.111934 0.004271 0.217998
-0.588183 0.012311 0.144686
0.300273 0.008011 -0.025815
0.381171 -0.007074 0.176066
0.378443 -0.000209 -0.080292
-0.145267 0.007832 -0.334502
-0.023180 -0.003508 -0.024148
0.577475 0.010195 0.065954
0.733509 0.014396 0.415713
-0.669430 0.026378 0.059022
0.333216 0.011637 -0.336760
0.533031 0.000738 0.383025
0.178589 -0.008438 0.267220
-0.509540 -0.003619 -0.142347
0.305138 -0.001777 -0.202409
-0.181876 -0.023431 -0.428314
-0.694460 0.014238 0.261703
0.330197 0.007304 0.178020
-0.541185 -0.014020 0.425553
-0.473645 -0.006549 0.340439
0.494929 -0.000028 0.375500
-0.394734 -0.005741 -0.369834
-0.539745 -0.002590 0.336541
0.058625 0.006955 -0.177798
0.259779 -0.001634 -0.257694
0.802074 0.012525 -0.407339
-0.431666 -0.000495 -0.378726
0.731284 0.014400 0.024831
-0.649371 0.011821 0.130886
-0.021832 -0.006893 0.334476
0.290052 -0.002039 -0.100694
-0.551141 -0.016329 -0.485791
-0.506598 -0.001204 -0.177020
0.074599 -0.000798 -0.219226
-0.111441 -0.005596 0.381366
-0.119849 -0.003730 -0.136962
-0.180646 -0.001450 0.062514
0.848361 -0.005871 -0.483221
-0.024128 -0.001371 -0.169100
0.014675 -0.003104 0.104353
0.883981 -0.016940 0.388042
-0.550595 0.002642 0.378998
-0.395134 0.005313 0.104013
-0.354829 -0.000872 -0.133400
0.217696 -0.018615 -0.481782
0.087301 -0.002380 0.228333
-0.592676 -0.004601 0.330766
-0.027092 -0.001445 0.062564
0.692784 0.014192 0.415005
-0.387267 -0.008875 0.223061
-0.144070 -0.004163 -0.137056
-0.432256 -0.006543 0.300855
-0.106002 0.006784 -0.338598
-0.188575 0.006391 -0.299718
0.448683 0.007123 0.027207
-0.314575 -0.003548 -0.017513
0.326319 0.005513 -0.021443
0.415855 0.006028 -0.134163
0.020845 -0.001532 0.188351
-0.585797 0.000531 -0.382977
-0.678083 -0.027225 0.180685
0.614157 -0.013064 -0.461751
0.813764 -0.009334 -0.483305
-0.313719 -0.001329 0.391917
-0.064814 -0.017326 -0.429244
-0.104852 -0.001996 0.059334
0.491736 0.008622 0.065095
0.340518 0.000496 0.381978
0.814673 0.014131 0.024129
0.170127 -0.022097 -0.430332
-0.505757 -0.001848 0.066868
-0.027128 -0.017474 -0.430204
-0.351814 -0.006342 -0.064668
-0.349814 0.003210 -0.247594
-0.269339 -0.004371 0.219752
-0.697711 -0.025746 0.061021
-0.139430 -0.016767 -0.334321
0.773443 0.012309 0.300236
0.773588 0.014553 -0.342512
0.411557 0.007030 0.338732
0.415348 0.010034 0.214502
0.736931 -0.007428 -0.485735
0.772869 0.016080 -0.224412
-0.257493 0.004265 0.006191
0.574928 0.011392 0.264492
-0.386184 -0.005481 0.108065
0.412043 -0.015602 -0.461801
-0.470447 0.005624 0.175083
-0.225131 0.005412 0.331450
0.055862 -0.027405 0.455497
-0.229376 0.000162 -0.252490
0.011062 -0.003299 0.336853
0.689077 0.015136 -0.053965
-0.139242 0.000376 0.390391
-0.064097 -0.006797 0.214015
-0.590235 -0.004892 0.305643
0.136459 -0.012833 0.420126
-0.427595 -0.002732 0.057563
0.167160 0.000811 -0.314614
-0.586918 0.012083 -0.409382
-0.507510 0.011113 -0.377735
-0.695350 0.011604 0.383240
-0.230740 -0.009815 -0.182111
-0.304618 -0.046424 0.452798
-0.586077 0.010371 0.098209
0.814428 0.015883 -0.223961
0.172707 0.003368 0.306372
0.617011 -0.016241 -0.433825
-0.473732 -0.005943 0.259292
-0.695170 0.016434 -0.138809
-0.104487 -0.015016 -0.483957
0.094783 0.008772 -0.305534
-0.657925 -0.039810 0.451288
-0.628830 -0.019921 -0.431616
0.437520 -0.001889 0.337010
-0.680250 0.055953 0.149517
0.408507 -0.002389 0.229810
-0.068978 -0.007530 -0.140105
-0.021735 -0.006007 -0.061610
0.576291 0.014309 -0.253297
-0.190341 0.002958 0.335491
-0.586655 0.012179 0.021421
0.370673 -0.014591 -0.483756
0.730966 0.016580 -0.303934
0.133756 0.003774 0.340410
0.363704 -0.000910 0.136131
0.163299 0.007722 -0.052687
0.011368 0.006952 -0.265924
0.579369 0.008799 0.386443
0.535528 0.007703 -0.013636
-0.307468 0.002969 0.103273
-0.613735 0.012580 -0.341568
0.013375 0.010826 -0.339870
-0.465448 -0.003989 0.019779
-0.348395 -0.011634 0.261024
-0.103081 0.006853 -0.134143
0.014759 0.008137 -0.304532
-0.629832 -0.002052 -0.279054
0.018025 0.005247 0.340777
-0.589875 0.008386 0.294086
-0.549206 0.009484 0.062849
-0.028376 0.036546 -0.491570
-0.066868 -0.004613 0.060733
0.243904 -0.001424 0.220859
0.021400 0.000004 -0.024354
0.613525 0.018045 -0.254797
-0.658284 -0.019067 -0.466263
0.258686 0.000415 -0.175781
0.325223 0.008474 -0.216125
0.329956 0.007285 0.341943
-0.348516 -0.048269 0.436814
0.373474 0.011854 -0.378538
-0.028720 0.006753 -0.087347
0.118012 -0.001100 -0.172339
0.861687 -0.010489 0.101051
0.542919 0.005931 0.384255
-0.185476 -0.004312 -0.025550
0.689017 0.014265 0.223352
-0.587350 0.012666 -0.259619
0.772580 0.014602 0.340079
0.881189 -0.016271 -0.380174
0.690338 0.017305 -0.263366
-0.502961 -0.002007 -0.247004
-0.062886 -0.005232 0.315101
0.415882 0.008710 -0.096486
0.139668 0.004526 0.271553
-0.620795 0.010488 -0.407386
-0.220504 0.005080 0.264791
-0.027905 0.005401 -0.138827
0.653919 0.016197 -0.341772
-0.382546 -0.003701 0.133835
-0.547038 0.011533 -0.015120
-0.677913 -0.025191 -0.019261
-0.025670 0.000052 0.384788
0.771995 0.017883 -0.054129
0.488869 0.011672 -0.093728
0.255022 0.008548 -0.299274
-0.348471 0.001289 -0.327666
-0.105772 0.005962 0.382051
-0.240129 0.003603 -0.144932
0.814656 0.015889 -0.381114
0.254568 0.009828 -0.409247
0.210472 0.010301 -0.341659
-0.182968 -0.001454 -0.055309
0.084995 -0.000941 -0.131239
-0.468621 0.008370 -0.255142
-0.585070 0.011919 -0.339431
-0.508842 0.006123 0.258472
-0.351364 0.005574 -0.218541
0.098627 -0.002955 0.176418
-0.215418 0.004517 -0.180594
0.132573 0.007500 -0.137363
0.331384 0.009890 -0.173617
-0.379110 0.008971 -0.402179
-0.155288 0.001102 -0.208264
0.881201 -0.016935 0.347190
-0.189345 0.002559 -0.087419
0.049049 0.007904 -0.261755
0.813950 0.014716 0.378331
0.450393 -0.015776 -0.459912
0.137959 -0.004104 0.233172
0.860348 -0.008875 -0.181457
-0.027764 0.005279 -0.183336
0.614023 0.016651 -0.216738
-0.550495 -0.002406 0.383193
0.248399 -0.017123 -0.462994
0.127740 -0.003644 0.011930
-0.698349 -0.022122 -0.258833
-0.303571 -0.041322 -0.448141
0.771900 0.017795 0.024597
0.447613 0.010402 -0.214673
0.772397 0.017081 -0.139270
0.089690 -0.000284 -0.024746
0.252620 -0.021537 -0.431965
0.691183 0.014356 -0.093539
0.096974 -0.027317 0.452807
0.047668 -0.000495 0.142898
0.613428 0.012321 -0.053817
-0.500797 -0.004420 0.183057
-0.509213 0.011837 -0.057090
-0.262549 0.002732 0.261467
-0.313072 -0.002240 0.333406
-0.418799 -0.017811 0.424696
0.050626 -0.014702 0.423937
0.098905 0.004907 -0.139235
-0.388178 -0.043493 0.451864
0.290859 0.009152 -0.219310
-0.617802 0.011024 -0.256209
-0.068198 -0.000192 0.183359
0.170018 0.007274 -0.256811
-0.029288 -0.002411 0.111796
-0.555968 -0.002603 -0.195722
-0.584262 -0.001098 0.148425
-0.640820 0.000143 -0.095311
-0.306543 -0.009644 0.263528
0.254526 -0.015799 -0.482915
-0.261319 -0.003393 0.067336
0.730410 0.017974 -0.264458
0.416443 -0.023570 0.454015
-0.303414 0.008406 -0.300601
0.623363 0.001069 0.264004
-0.343806 -0.006549 0.225362
-0.347419 -0.005270 -0.177015
-0.268748 0.004420 -0.027377
-0.055047 0.002072 -0.496830
-0.264914 -0.041482 -0.445998
-0.464867 -0.002493 -0.373371
0.373310 0.010322 0.216202
-0.509139 -0.006831 -0.302219
-0.545783 0.007605 0.260394
0.487539 0.005780 0.412434
0.206364 0.005313 0.225838
-0.098781 -0.004042 0.214703
-0.176393 0.009089 -0.258961
0.663658 -0.025336 0.441134
0.577803 0.010371 -0.213185
-0.510300 0.006549 0.212747
-0.072130 -0.001703 -0.221291
0.500250 -0.004008 0.415403
0.107950 -0.036612 0.486707
0.016604 0.004291 -0.136239
0.650294 0.010428 0.023775
0.049353 0.000708 0.346050
0.087628 0.003753 -0.024702
-0.309904 -0.040126 -0.431050
0.774463 0.012297 -0.408081
0.534007 0.010676 0.186879
0.209559 0.008157 -0.300213
0.172189 0.012890 -0.342778
-0.696890 -0.023689 0.381140
0.094939 -0.002880 0.376828
0.575383 -0.015461 -0.431947
-0.695192 0.013655 -0.059052
-0.532586 0.001059 -0.139681
-0.031067 0.011776 -0.376405
0.375229 0.006189 0.176883
-0.677960 -0.028166 0.260492
0.001459 0.018536 -0.488905
0.581959 -0.000462 -0.027272
-0.232015 -0.021519 -0.482247
0.011162 -0.000572 -0.066281
-0.105560 0.000023 -0.221780
-0.178104 -0.003022 0.133872
-0.625646 -0.000483 0.338807
-0.388418 -0.022235 -0.429225
0.372309 0.014000 -0.256414
0.018607 0.000408 -0.080334
-0.183431 0.007278 -0.380921
0.331435 0.005320 -0.051452
0.019032 0.004485 -0.056994
-0.308749 -0.022304 -0.482839
-0.470983 0.010220 0.060788
0.492537 0.012124 -0.254461
0.257460 0.007196 -0.218683
-0.182473 0.008352 -0.335046
-0.387206 -0.005296 -0.219789
0.372605 0.013479 -0.297118
0.730794 0.016199 -0.093518
0.534469 0.009886 0.106572
0.882045 -0.016141 -0.140790
-0.222149 0.001596 0.020172
-0.110099 0.008172 -0.302709
0.255185 0.006266 0.344851
0.861489 -0.010810 0.179637
-0.149232 0.004729 -0.137231
-0.063852 -0.003016 0.145417
0.334282 -0.001717 0.218268
-0.434613 0.003967 0.106050
-0.238563 -0.017181 -0.300084
0.095517 -0.005873 0.419700
0.174073 -0.010899 0.417419
-0.389927 0.006030 0.379318
0.174117 0.006491 0.048384
-0.546010 -0.001953 0.267588
-0.272355 -0.003426 -0.020212
-0.497065 0.000576 0.245513
-0.226723 0.009062 -0.015603
-0.619886 0.009671 0.061991
0.617305 0.009052 0.417144
0.014517 0.007525 0.094854
0.772901 0.014508 0.142506
0.171669 0.006066 0.098973
-0.423846 -0.002785 -0.207583
0.881601 -0.016594 -0.097908
0.182731 0.000224 -0.148959
0.490466 0.012544 -0.214229
-0.026525 -0.024887 0.452861
-0.391974 -0.002526 -0.061943
0.135779 0.001340 -0.218439
-0.435393 -0.000371 -0.259007
0.329836 0.009082 -0.136545
0.532685 0.015719 -0.334353
-0.471225 0.010303 -0.099677
0.577288 0.010098 0.225948
-0.146770 -0.023645 0.454038
-0.200629 -0.042990 -0.434773
0.410024 -0.011865 -0.485124
0.099663 0.039628 0.481348
0.689254 0.015379 -0.225339
0.577865 0.014373 -0.376040
0.256983 0.006828 0.220976
0.490399 0.013003 -0.296507
0.457108 0.008886 0.414080
0.201057 -0.006043 -0.148740
0.169274 -0.004478 0.060797
-0.424784 0.006116 0.226935
0.573919 -0.022391 0.455901
-0.087330 -0.002975 -0.377300
-0.148651 0.007722 0.166938
0.529308 -0.010621 -0.482222
-0.469617 0.011672 -0.299184
-0.383943 -0.004509 -0.091228
-0.458324 -0.004115 -0.050854
0.730680 -0.018130 -0.449856
-0.629564 -0.017662 -0.484854
-0.384351 -0.000379 -0.182261
0.446539 0.013506 -0.403714
-0.025272 0.007671 -0.027532
-0.190906 0.006010 -0.409840
0.028845 -0.004655 0.220188
-0.151911 0.004881 -0.255974
0.013522 0.008458 0.426130
-0.682934 0.050414 -0.011905
0.536213 -0.022228 0.455075
0.292707 0.007324 0.141339
-0.265954 -0.017265 0.145359
0.815965 0.009209 0.298737
0.170565 0.005538 -0.025141
-0.339335 -0.022102 0.430843
0.815768 0.016455 -0.095051
0.175151 -0.001498 0.305912
-0.030868 0.006929 -0.263223
-0.547148 0.010752 0.181730
0.649044 0.013415 0.104904
0.291815 0.009113 0.179055
-0.067601 0.004174 -0.066216
0.242667 0.000692 0.379351
0.882993 -0.016983 0.098805
0.058070 0.006441 0.391907
-0.704210 -0.039390 0.090570
-0.658519 -0.017951 -0.483808
-0.185942 -0.026134 0.454897
-0.343948 -0.002152 -0.098904
0.414928 0.009184 0.412352
0.576597 0.013689 -0.293265
0.613733 0.010332 -0.412156
-0.032468 0.007549 0.347853
0.860825 -0.007665 -0.340595
-0.343224 -0.003099 0.175691
-0.551898 0.010589 -0.376199
-0.110178 -0.001312 -0.269169
0.451287 0.005838 -0.134002
0.332469 0.007808 -0.089997
0.183381 0.007681 0.338635
-0.222758 0.008000 -0.384638
0.490515 0.006586 0.256589
-0.509307 0.011539 -0.335895
-0.597057 -0.003316 -0.028184
-0.307146 -0.010014 -0.294519
-0.547437 -0.005244 0.215582
-0.344223 0.008096 -0.298648
-0.623352 0.009653 0.329954
-0.348753 -0.004962 0.108346
0.050558 -0.000124 -0.181198
-0.106108 -0.000382 0.295892
-0.504423 0.010239 0.018383
-0.274813 0.004637 0.179830
-0.508018 0.009617 -0.256615
0.882436 -0.016929 0.062879
-0.187843 -0.000639 0.105538
0.576479 0.012276 0.186002
0.171389 0.007414 -0.173280
-0.450936 -0.039214 0.440966
0.210362 0.006401 -0.258838
0.450232 0.008445 -0.174275
0.649594 0.013188 -0.224070
0.254219 0.010464 -0.381788
0.647240 0.012739 0.304116
0.773087 -0.008155 -0.485730
-0.267614 -0.028094 0.454678
0.056917 0.009143 -0.342781
0.057561 0.006851 0.056412
-0.589179 0.011951 -0.297977
0.024533 0.003761 0.059603
-0.680732 0.054810 0.172486
-0.623293 0.000694 0.190034
-0.354840 0.005950 0.065444
0.611429 0.012170 -0.010230
-0.388157 0.005543 0.186079
0.857596 -0.009215 -0.417792
-0.500996 -0.002945 0.348597
-0.586745 -0.005865 0.263026
-0.497077 -0.005476 -0.021179
0.291368 0.009568 0.343671
0.152564 -0.000939 -0.301047
0.375082 0.006869 0.054976
-0.273033 0.002494 -0.137994
0.731691 0.014736 -0.343364
0.177554 -0.024668 0.453088
-0.350394 0.003079 0.196533
-0.629101 -0.019258 -0.466276
0.096715 -0.043627 0.451663
0.245985 -0.005501 0.165742
-0.694671 0.017563 0.448350
-0.395250 0.006718 -0.091091
0.375087 0.006728 0.095588
-0.279968 -0.004214 -0.224385
0.374064 0.008081 0.383518
0.297075 -0.002220 0.246609
0.281507 -0.001522 0.384369
-0.022706 -0.020069 0.439475
-0.265184 0.003503 -0.166683
0.729753 0.017228 0.381563
0.652388 0.014548 -0.179999
-0.514774 0.008962 -0.183123
-0.225903 -0.006120 -0.058800
-0.391815 0.004912 0.132828
-0.145298 0.002550 -0.094539
-0.152107 0.005720 0.302444
0.089954 0.008357 -0.221230
0.731262 0.013226 0.341304
0.448023 0.007881 0.256250
0.689413 0.013938 0.025163
0.856213 0.001778 -0.073884
-0.428149 -0.020450 -0.431223
0.254899 0.007322 0.183794
-0.475389 0.007865 -0.223549
-0.590612 0.008386 0.259929
0.534136 0.011685 -0.173657
0.343838 -0.000539 0.132026
0.373859 0.009323 0.134440
0.690411 0.011161 0.064626
-0.618059 0.011834 0.022836
0.689552 0.014842 -0.304609
0.392403 0.000470 0.338923
-0.500443 0.007974 -0.410136
-0.224489 -0.005263 -0.223517
-0.228685 -0.002484 0.351215
0.610379 -0.000304 -0.040630
-0.617049 0.009929 0.101340
-0.429363 0.009148 -0.054853
0.216149 -0.000949 0.354151
-0.070836 0.010770 -0.377564
-0.428335 0.006570 -0.337196
0.379120 -0.002784 0.257641
0.097947 0.008929 -0.377959
0.732313 0.013172 -0.382841
-0.697384 -0.019316 -0.413137
0.153955 -0.005024 0.181813
-0.231216 -0.002067 -0.027649
0.169011 -0.002982 -0.259201
0.649184 0.012613 0.222583
0.084292 -0.003969 -0.337274
0.012625 0.010521 0.284951
-0.694480 0.015123 -0.020291
-0.190423 -0.004646 -0.256378
-0.266018 -0.010455 -0.337619
0.814629 0.015774 -0.341766
0.374831 0.007832 -0.053249
0.574827 0.011410 -0.407952
0.216171 0.010621 -0.410512
0.171755 0.005632 0.181895
-0.039824 0.011437 0.258638
-0.115195 -0.002313 -0.174658
-0.383595 -0.045025 0.439266
0.057521 0.006650 0.145797
0.805807 0.000403 -0.080327
0.214082 -0.001320 -0.224155
-0.432001 0.008946 0.017399
0.746246 -0.022451 0.440970
-0.561136 -0.001656 -0.014774
-0.589396 0.010112 -0.181721
0.257122 0.006417 0.263889
-0.270214 0.009333 -0.294048
-0.148776 -0.000919 -0.094546
-0.428897 -0.004527 0.138166
0.595411 0.001085 0.025683
0.374528 0.007465 0.258492
0.882294 -0.016695 -0.018219
0.651371 0.012221 0.385887
0.771958 0.016079 0.413077
-0.698449 -0.024456 -0.059258
0.416951 0.013573 -0.296245
-0.507653 0.005061 0.338158
0.532936 -0.014976 -0.459017
-0.508070 -0.021054 -0.454748
-0.153298 0.009295 -0.291406
-0.625853 0.007358 0.294890
-0.231805 0.006102 0.103788
0.243933 -0.000706 -0.039276
0.334354 -0.001430 0.109541
0.491267 0.009342 0.183961
-0.187729 -0.000395 -0.096668
0.612770 0.010729 0.145192
0.131670 0.009846 -0.345389
-0.154234 -0.002018 0.333519
0.139016 -0.004597 -0.370408
0.010105 -0.001295 0.249096
0.449792 0.008153 0.215727
0.085788 -0.002981 0.058562
0.293765 0.006791 -0.407824
-0.695072 0.015257 -0.100832
-0.240599 0.003068 0.410301
-0.270646 -0.002652 0.385214
-0.510364 -0.002008 0.370079
0.814491 0.015327 -0.139064
-0.347058 0.007268 -0.345417
-0.185567 0.006392 0.306729
0.252606 -0.003465 0.110953
-0.277924 0.010309 -0.051370
-0.384451 -0.002593 -0.266696
-0.597260 -0.003190 0.028197
-0.077989 -0.005238 -0.338693
0.414857 0.007630 0.056430
-0.425113 0.009235 -0.005319
0.688824 0.014169 0.382770
0.653604 0.014190 0.417530
0.261143 0.007429 0.059186
-0.507471 0.010717 -0.014842
-0.311673 -0.005626 0.020235
0.215299 -0.001680 0.385601
0.414826 0.006649 0.379406
0.813578 0.015661 0.411472
0.173524 0.008002 -0.091804
-0.387881 -0.030600 0.451507
0.771437 0.017694 0.380116
-0.237915 -0.041356 0.440110
-0.465862 0.010230 -0.184271
-0.546980 0.010803 -0.101579
0.170413 0.009963 -0.384213
0.490463 0.012045 -0.053554
0.273347 0.000646 0.165390
0.574552 0.013479 -0.053712
-0.383824 0.006044 -0.296727
-0.465160 -0.003453 0.138858
0.372027 0.008596 0.340407
0.329831 -0.011716 -0.485113
-0.550652 0.012557 0.406644
-0.304275 -0.001704 -0.092350
-0.695350 -0.024894 0.261537
-0.184228 -0.002313 0.219963
-0.466933 -0.000979 0.062916
0.094232 0.005007 0.334013
0.088818 0.005817 -0.259223
0.576601 0.012260 0.105996
-0.316608 0.004475 -0.094777
0.731382 0.013502 0.182721
-0.028285 0.005099 0.229574
0.288732 0.000827 -0.257297
0.693899 -0.016395 -0.433470
0.218306 -0.003083 0.104753
-0.697179 -0.024726 0.141892
0.616964 0.012755 0.383680
-0.355488 -0.013206 -0.384103
0.813852 0.016027 0.141877
-0.146946 -0.020665 -0.467457
0.811766 -0.019517 0.456083
-0.627870 -0.002002 0.224539
0.014846 0.004808 -0.217385
0.208412 0.010125 -0.176439
0.689718 0.014715 -0.383966
-0.158236 0.033017 0.481248
-0.632182 -0.039104 0.443870
-0.230004 0.004045 0.385651
0.296822 0.007709 0.302097
-0.114409 0.004997 0.137466
0.773435 0.012828 0.181808
0.378586 -0.001513 0.230611
0.099491 0.012076 -0.400444
-0.033957 -0.003969 0.211626
0.054622 -0.022710 -0.452782
-0.316864 -0.005813 0.228509
0.055115 0.004534 0.416576
0.203095 -0.000405 0.057022
0.490617 0.012768 -0.375479
-0.069223 0.007619 -0.263979
-0.256492 0.001725 0.381959
0.860381 -0.008379 -0.221696
-0.467944 -0.002656 -0.257705
0.058767 0.005891 0.107995
-0.272126 -0.000031 0.302668
0.859901 -0.009357 -0.017312
-0.467907 -0.005667 0.364177
-0.151691 0.006228 -0.179917
-0.312957 0.006070 0.218829
0.333845 0.000334 -0.127735
0.865955 -0.013647 0.341515
0.373709 0.011193 -0.337711
0.225681 0.004174 0.415127
-0.686007 0.043922 -0.134000
0.773569 0.012133 0.260688
0.510847 -0.001932 -0.093644
-0.694326 0.012413 0.221815
0.012802 -0.018703 -0.454911
-0.109591 -0.003788 0.264965
-0.574984 0.007743 0.408684
-0.031762 -0.001670 -0.298127
0.257706 0.006106 0.390731
-0.061584 -0.002136 0.093627
-0.104839 0.004005 -0.057615
-0.675108 -0.040024 0.211154
-0.545623 -0.020795 -0.457273
0.865229 -0.012730 0.299937
0.020632 0.011166 0.010781
0.692421 0.010296 0.102468
-0.430169 -0.002937 0.102316
-0.599124 0.012515 0.503292
-0.510511 -0.001895 -0.374432
-0.474233 0.000942 -0.341379
-0.446348 0.003472 0.406755
-0.549672 0.015851 -0.413709
0.050156 -0.004516 -0.084954
-0.509613 0.007509 0.135880
0.450755 0.005378 0.377791
-0.112823 -0.002196 0.018966
0.245842 -0.004302 -0.134926
0.535543 0.006547 0.307246
-0.355487 -0.005842 0.300137
0.096138 0.006656 0.225763
0.135692 0.001267 -0.121750
-0.027531 0.004074 0.096932
-0.672992 -0.023549 -0.417708
-0.687937 0.039504 -0.085006
-0.430609 0.006225 0.380184
0.044223 -0.002836 -0.226579
0.013612 0.010467 -0.374982
0.220592 0.007541 0.180749
-0.467014 0.009162 -0.375725
-0.616244 0.010795 -0.381575
0.130702 0.005933 -0.094176
-0.678502 -0.030267 0.340840
-0.269538 0.005060 0.232794
-0.105163 -0.023982 0.457942
-0.430752 -0.031686 0.454114
-0.111407 0.008870 0.305910
0.688963 0.014241 0.263113
0.616394 0.016717 -0.297684
-0.268531 -0.046040 0.436090
0.377645 0.001408 -0.026269
0.843925 -0.011441 -0.459690
-0.300567 -0.012696 0.100236
-0.352104 -0.004427 -0.266061
-0.538263 -0.000398 -0.341757
-0.462917 0.002010 0.333243
-0.586751 0.008431 0.339386
0.176311 -0.003579 0.236596
0.349377 -0.001409 0.000919
-0.698472 0.010835 -0.413551
-0.184451 0.007750 0.148766
-0.424284 0.005765 -0.180789
-0.677993 -0.026176 0.101252
0.413365 0.011799 -0.174653
0.860246 -0.010055 0.060341
0.296061 -0.017062 -0.461246
0.653853 0.013761 0.342316
-0.191068 -0.004891 0.267921
0.255035 0.007332 0.090740
0.294333 0.006425 0.381792
-0.622500 0.011385 -0.143570
-0.390523 0.005842 0.022300
-0.146900 -0.003151 0.264440
-0.629978 -0.002324 -0.057792
0.375256 0.007012 -0.095537
-0.583999 -0.003090 -0.143058
-0.617805 0.009723 -0.213672
-0.220855 0.005702 0.138784
-0.065366 0.004794 0.023274
-0.145855 -0.001713 0.101103
-0.618889 0.009683 0.141158
-0.146919 0.010722 -0.375180
0.614638 0.014777 -0.135239
-0.154716 -0.000939 0.219089
-0.305374 -0.006913 0.139706
-0.309772 0.006958 -0.007784
-0.324073 0.003582 -0.399914
-0.268973 -0.023388 -0.482225
-0.545993 -0.020238 -0.431956
-0.679683 0.029369 -0.067267
0.648334 0.015403 0.063594
-0.256449 0.002241 0.150333
0.255906 -0.024908 0.455578
-0.266949 0.004980 0.411884
0.214328 0.006833 -0.133219
0.413968 0.009989 -0.053372
-0.469456 -0.021020 -0.432424
0.856838 0.001796 0.097111
-0.187980 0.000497 -0.287540
0.347769 -0.040696 0.444395
-0.152017 -0.020780 -0.429245
0.651276 0.016625 -0.267044
-0.546323 0.011513 -0.299037
0.378359 0.005310 -0.014979
-0.344354 -0.003656 -0.020325
-0.464467 0.011916 -0.408182
0.364808 -0.018405 0.440996
0.135797 0.012007 -0.387692
0.492600 0.005797 0.295153
0.772914 0.014142 0.221365
-0.462701 -0.040318 0.456535
-0.267783 0.010952 -0.337504
-0.023129 0.005589 0.182397
0.865620 -0.014445 0.425369
-0.145373 -0.002157 -0.051832
0.333455 0.000310 0.177577
-0.507494 0.010677 0.171024
-0.106824 0.005469 0.106202
-0.106244 0.006041 -0.262270
0.770793 -0.015580 -0.432688
0.054338 0.007969 -0.301898
